10 0 1
-52 -52 -52 -52 -52 -52 -52 -52 -52 -52 -52 -52 -52 -52 -52 -52 -52 -52 -52 -52 -52 -52 -52 -52 -52 -52 -52 -52 -52 -52 -52 -52 
-52 79 35 35 126 126 126 126 126 126 126 124 126 126 126 126 126 126 126 126 126 126 -52 -52 -52 -52 -52 -52 -52 -52 -52 -52 
-52 126 126 126 126 126 126 126 126 35 126 124 126 126 126 35 35 35 126 126 35 126 -52 -52 -52 -52 -52 -52 -52 -52 -52 -52 
-52 126 126 126 126 126 126 126 35 126 126 124 126 126 126 126 126 126 79 126 126 126 -52 -52 -52 -52 -52 -52 -52 -52 -52 -52 
-52 126 126 126 35 35 126 126 35 126 126 124 126 35 126 126 126 126 126 126 126 126 -52 -52 -52 -52 -52 -52 -52 -52 -52 -52 
-52 126 35 126 126 79 126 126 126 35 126 124 126 126 126 126 126 126 126 126 126 35 -52 -52 -52 -52 -52 -52 -52 -52 -52 -52 
-52 126 35 126 35 35 35 79 126 126 126 124 126 35 35 126 126 88 35 126 126 35 -52 -52 -52 -52 -52 -52 -52 -52 -52 -52 
-52 126 35 126 126 126 79 126 126 126 126 124 126 126 126 126 79 79 126 126 126 35 -52 -52 -52 -52 -52 -52 -52 -52 -52 -52 
-52 126 35 126 126 126 126 126 126 126 126 124 126 35 126 126 126 126 126 126 126 126 -52 -52 -52 -52 -52 -52 -52 -52 -52 -52 
-52 126 126 126 126 126 35 35 35 126 35 124 126 126 35 35 35 35 126 126 126 35 -52 -52 -52 -52 -52 -52 -52 -52 -52 -52 
-52 126 126 35 126 126 126 126 126 126 126 124 79 126 126 126 126 126 35 35 126 126 -52 -52 -52 -52 -52 -52 -52 -52 -52 -52 
-52 -52 -52 -52 -52 -52 -52 -52 -52 -52 -52 -52 -52 -52 -52 -52 -52 -52 -52 -52 -52 -52 -52 -52 -52 -52 -52 -52 -52 -52 -52 -52 
-52 -52 -52 -52 -52 -52 -52 -52 -52 -52 -52 -52 -52 -52 -52 -52 -52 -52 -52 -52 -52 -52 -52 -52 -52 -52 -52 -52 -52 -52 -52 -52 
-52 -52 -52 -52 -52 -52 -52 -52 -52 -52 -52 -52 -52 -52 -52 -52 -52 -52 -52 -52 -52 -52 -52 -52 -52 -52 -52 -52 -52 -52 -52 -52 
-52 -52 -52 -52 -52 -52 -52 -52 -52 -52 -52 -52 -52 -52 -52 -52 -52 -52 -52 -52 -52 -52 -52 -52 -52 -52 -52 -52 -52 -52 -52 -52 
-52 -52 -52 -52 -52 -52 -52 -52 -52 -52 -52 -52 -52 -52 -52 -52 -52 -52 -52 -52 -52 -52 -52 -52 -52 -52 -52 -52 -52 -52 -52 -52 
